  - name: Werk
    latitude: 51.9828265
    longitude: 5.6594055
    radius: 1000
    icon: mdi:school

